49,36
51,2
13,8
66,49
19,66
20,7
61,51
65,63
23,56
9,17
20,23
11,5
57,53
45,53
17,14
5,23
53,63
43,41
54,67
31,55
7,26
33,2
43,49
41,59
1,10
67,60
17,20
40,51
61,47
67,49
11,19
51,59
19,65
11,15
15,18
28,57
27,45
35,63
64,45
68,69
55,68
33,64
29,52
37,53
12,1
35,60
62,59
7,15
30,65
54,35
49,57
43,51
48,43
58,57
43,43
21,49
37,61
1,12
29,51
57,67
30,5
49,51
39,3
47,47
42,1
67,62
62,53
29,59
45,65
35,57
0,23
27,63
16,51
51,49
7,4
11,4
18,57
36,51
0,3
12,37
19,2
15,22
21,59
3,26
27,61
49,49
11,3
57,58
60,53
55,54
57,63
47,51
22,61
65,52
18,5
22,25
33,5
12,15
9,7
37,67
24,15
7,13
57,69
23,58
52,33
45,30
18,9
47,42
19,49
9,19
36,57
17,60
43,55
51,52
38,47
11,13
69,43
25,50
1,21
37,50
43,38
55,59
51,33
37,47
43,56
33,54
22,51
13,1
7,18
18,59
13,12
6,29
13,46
51,63
28,9
15,15
2,5
67,44
17,17
29,5
60,65
31,54
38,51
3,15
41,68
17,53
54,51
29,50
29,9
43,48
51,37
54,59
61,61
51,44
49,38
31,64
16,57
5,1
51,26
51,54
19,64
64,63
43,52
45,69
49,67
34,53
21,51
13,53
51,57
41,46
59,45
57,59
4,13
36,65
49,69
53,29
13,51
3,3
59,68
4,15
49,53
17,67
7,24
45,64
15,5
12,51
67,68
24,13
25,5
33,69
15,1
27,69
32,9
35,64
48,49
11,18
5,17
55,50
57,51
35,3
57,55
33,58
18,7
63,50
59,60
41,3
5,21
25,67
52,47
16,65
49,45
23,4
47,41
19,53
67,45
14,9
67,43
35,59
61,55
29,45
66,69
66,29
31,61
37,55
3,11
66,45
51,65
26,53
32,59
63,67
5,10
46,45
53,45
16,27
32,3
55,62
10,1
3,24
69,52
61,49
69,47
39,2
18,53
55,41
58,69
29,6
53,38
43,65
33,1
33,65
1,26
38,65
5,5
3,8
49,39
63,65
59,59
55,67
43,62
57,45
67,59
53,32
43,59
41,45
63,61
20,21
11,31
31,68
1,5
28,63
55,57
43,69
54,29
14,1
61,58
45,49
56,51
7,28
11,7
28,7
2,19
17,28
29,7
57,37
15,11
16,19
45,2
46,47
27,67
27,65
62,65
27,64
39,51
43,50
27,9
15,63
51,35
61,65
53,31
23,3
3,17
67,38
7,25
21,57
3,13
5,6
7,12
7,27
5,19
12,49
25,57
20,57
44,45
23,59
22,65
31,69
31,65
58,63
44,51
13,48
37,57
67,67
54,69
54,27
53,35
17,15
43,0
46,57
52,39
4,19
31,62
29,57
47,66
23,53
11,21
35,43
57,47
28,61
62,47
56,57
47,52
35,65
21,67
70,67
13,20
62,45
59,39
43,66
2,21
16,11
1,13
26,59
39,63
6,7
49,46
51,50
65,49
65,50
15,7
47,39
39,65
1,11
68,47
56,59
35,67
15,13
12,11
18,51
21,54
20,45
65,65
17,13
11,17
11,6
47,55
69,65
53,49
59,66
25,60
13,11
38,57
38,53
21,3
28,1
9,3
51,39
11,25
65,41
4,33
65,66
45,67
21,4
15,59
65,51
37,3
67,55
29,69
61,68
45,47
59,63
25,61
25,3
67,57
61,59
37,2
9,5
33,63
56,49
5,29
25,62
62,67
19,18
41,65
61,70
19,1
49,34
35,55
3,4
13,2
39,61
23,57
1,9
55,53
63,43
24,5
68,55
9,10
57,52
19,3
55,48
68,63
40,43
64,67
25,7
1,29
29,61
68,65
57,65
36,55
7,16
49,60
3,2
67,54
25,55
33,62
45,33
1,3
13,3
16,55
16,61
60,61
46,63
7,22
23,55
6,17
26,3
13,4
37,1
16,7
5,3
43,63
10,27
49,48
35,5
65,55
5,20
36,1
11,9
23,1
37,5
39,67
7,9
23,11
47,43
19,67
27,51
0,21
24,65
59,47
3,35
29,4
37,69
21,47
69,54
12,7
4,17
46,55
40,63
63,47
39,56
13,45
19,4
67,51
7,0
25,65
53,58
41,56
53,59
38,5
39,59
55,65
36,67
9,28
69,57
65,69
7,23
38,13
63,48
45,70
65,47
49,63
49,66
27,3
43,57
22,63
33,3
34,59
65,67
46,67
64,47
1,33
50,47
3,31
12,21
41,55
13,7
44,63
33,51
15,4
41,64
30,43
7,5
51,25
12,19
15,51
1,19
53,33
41,69
49,37
44,35
31,3
20,49
38,61
53,41
5,15
9,6
67,52
5,7
8,3
34,67
1,23
33,61
53,56
18,21
41,4
11,29
17,61
61,62
7,11
69,60
38,3
9,29
15,6
69,42
5,25
27,5
58,55
52,67
19,51
53,60
36,5
41,51
52,35
54,53
54,47
32,67
46,53
37,58
37,63
67,61
33,57
15,67
25,59
52,53
41,58
61,53
20,1
25,15
51,53
47,69
25,2
45,1
1,25
69,49
34,69
45,43
27,52
60,57
24,51
16,15
17,19
57,64
15,10
55,55
8,25
38,67
7,19
57,57
13,49
19,16
67,66
11,1
2,23
70,61
63,55
69,63
39,5
49,43
41,47
19,63
9,2
2,7
9,30
66,47
29,68
25,1
39,69
22,9
50,69
3,25
53,43
48,55
1,1
6,21
42,61
14,51
60,63
28,49
34,49
69,61
17,66
10,17
9,14
35,1
1,18
55,69
31,59
22,59
24,7
29,1
45,58
66,41
57,61
50,41
17,2
3,21
47,63
27,2
41,49
29,49
17,57
17,59
27,59
51,47
3,27
63,53
29,66
49,35
3,12
37,65
55,56
55,64
26,7
27,1
14,23
12,13
31,1
31,67
19,50
23,63
51,42
59,48
67,58
43,47
17,16
21,61
41,61
55,46
24,1
37,68
17,9
50,55
9,4
7,1
28,59
14,13
69,58
43,61
49,30
22,7
15,8
19,61
35,69
12,43
29,70
19,5
53,69
31,56
35,56
21,55
13,9
41,1
41,67
67,63
21,63
23,61
17,63
20,59
26,67
9,15
5,22
63,70
9,1
31,2
51,41
45,55
40,67
47,48
19,19
43,1
27,33
19,7
56,61
4,31
57,49
63,52
13,15
10,13
3,19
2,15
43,33
3,10
49,41
5,27
41,43
47,45
48,39
21,5
53,65
9,16
7,7
51,45
42,59
27,4
30,61
25,53
29,46
55,63
30,57
59,46
12,27
18,63
7,3
42,43
44,69
53,51
53,55
15,52
23,10
49,65
15,27
52,31
47,67
37,54
29,3
48,65
42,65
45,57
37,59
3,9
25,56
13,13
9,9
5,2
69,51
17,65
27,62
55,66
57,40
20,61
44,59
24,63
50,61
59,54
34,1
20,37
33,66
45,63
16,3
27,43
69,67
53,67
29,67
19,59
21,62
13,47
1,17
50,45
49,58
66,63
50,37
20,65
57,66
53,37
47,44
59,57
50,33
41,66
5,28
15,3
9,21
50,67
14,49
53,47
37,62
69,55
15,53
19,0
51,69
40,1
45,50
35,70
52,29
59,61
3,5
47,37
15,65
50,51
2,29
36,63
64,55
47,50
53,39
13,21
17,7
19,69
41,54
30,59
67,69
43,53
23,5
11,10
42,53
59,67
13,19
5,13
33,6
43,46
37,60
43,3
23,51
52,49
39,40
40,45
52,65
15,21
25,63
27,7
19,21
4,27
47,60
17,1
45,35
63,69
27,49
25,49
17,12
51,64
17,51
47,40
19,47
44,55
59,55
51,67
51,40
9,11
28,47
9,13
66,65
9,8
13,17
21,65
53,64
55,61
32,7
69,59
35,52
3,23
22,1
39,53
25,51
14,15
48,53
57,23
35,61
23,65
23,54
1,6
45,59
65,53
47,53
53,62
13,16
7,14
4,25
26,49
22,3
35,4
57,39
0,13
8,21
35,53
34,61
49,59
61,69
17,21
21,1
11,11
22,53
50,63
69,53
8,9
41,53
3,16
67,56
39,70
10,21
5,9
47,58
61,63
40,59
23,7
59,69
48,69
33,55
63,49
59,65
13,5
68,49
69,69
21,6
26,65
39,10
70,47
37,7
55,47
63,57
40,61
48,63
53,36
39,43
7,21
62,55
21,50
57,54
30,51
17,3
17,62
6,9
33,56
52,57
6,1
69,50
61,57
5,4
25,54
4,7
65,54
53,53
48,31
5,11
13,52
27,47
43,45
25,58
67,53
58,61
20,39
31,4
5,33
61,67
45,51
47,65
43,67
1,7
6,13
15,17
9,18
31,63
44,67
63,64
14,19
9,36
10,9
63,51
49,56
1,15
54,45
67,47
51,43
21,7
17,5
41,63
45,45
21,9
61,38
7,31
3,1
53,61
1,2
23,9
51,31
52,69
41,57
43,7
61,42
14,33
61,13
63,41
33,20
60,31
50,15
31,43
32,19
2,43
43,39
23,49
16,31
60,47
59,36
33,46
37,14
26,17
63,15
36,7
53,15
48,13
4,49
43,44
63,13
60,27
70,19
13,63
25,24
40,25
10,61
43,11
24,29
15,9
53,13
26,69
53,57
59,10
59,33
33,27
25,11
29,37
63,45
11,32
19,43
65,43
1,50
14,43
48,5
63,29
54,25
5,36
15,31
67,26
35,11
67,13
63,6
51,21
65,36
61,27
18,35
5,55
62,43
59,17
8,37
6,31
63,9
27,21
42,13
69,29
4,69
69,15
18,45
39,23
11,69
30,15
27,57
7,57
51,6
65,57
5,31
27,39
25,18
39,55
43,25
17,31
69,7
13,58
43,19
34,13
17,39
59,51
11,23
39,19
62,7
49,23
9,51
55,17
33,30
19,12
17,33
11,51
55,34
6,51
45,11
67,33
3,47
1,31
49,1
57,18
35,26
15,33
52,17
56,11
21,15
13,55
25,42
33,29
13,43
63,30
40,5
31,34
3,7
65,59
3,37
57,21
39,21
21,23
22,67
61,3
61,20
22,19
33,33
7,54
34,23
13,33
51,29
30,47
41,50
41,8
2,49
65,23
41,12
20,33
67,2
5,40
25,38
41,33
63,33
2,55
55,27
9,62
63,59
11,27
49,13
4,51
33,13
39,7
29,55
35,23
69,16
39,15
25,37
69,39
61,9
32,45
67,3
37,11
69,40
37,39
37,9
39,45
39,9
21,31
15,28
3,39
45,15
31,35
68,7
39,38
30,25
19,35
54,13
47,21
61,29
57,27
47,9
13,54
43,37
68,25
17,43
3,30
28,35
33,19
22,45
28,55
21,39
69,1
23,25
67,4
14,25
45,41
9,40
20,19
39,24
23,42
5,56
59,24
69,30
69,28
55,37
27,17
2,65
53,27
65,11
9,32
19,24
19,25
64,19
56,19
68,37
47,61
69,19
3,62
60,43
24,67
13,30
47,13
57,5
38,9
53,12
51,13
35,25
59,18
11,39
67,10
47,20
29,23
63,39
61,25
31,13
5,45
61,11
29,18
27,26
36,43
17,27
17,37
1,45
21,43
29,65
41,39
55,45
13,29
34,19
26,13
29,32
6,61
41,23
3,67
58,3
13,62
17,22
15,39
58,25
35,9
8,57
49,61
7,67
11,53
48,25
31,48
29,20
21,17
37,35
54,9
11,48
23,17
15,41
69,23
23,40
37,21
61,33
65,25
27,20
51,0
35,17
50,23
17,42
31,23
35,51
69,21
4,37
4,41
65,19
9,60
63,7
6,49
18,47
65,9
64,39
48,15
9,47
43,14
39,20
1,38
9,39
29,63
15,37
41,37
3,69
21,26
3,61
60,1
64,35
3,33
60,13
41,10
21,28
61,43
23,22
45,42
65,28
45,19
3,53
37,19
26,35
19,44
60,9
5,37
69,35
61,40
59,50
5,35
45,9
35,41
33,7
63,11
43,29
64,1
21,38
13,39
13,37
29,13
31,47
1,37
67,37
11,44
69,34
3,41
61,34
41,40
10,65
31,22
37,51
25,43
21,33
23,15
25,19
43,17
39,29
7,53
47,15
33,31
27,29
53,19
1,39
57,11
39,13
7,45
11,47
2,61
50,31
64,25
32,27
36,47
27,23
61,8
23,43
36,33
19,9
18,39
65,61
63,17
60,17
63,1
44,21
24,35
25,35
60,15
14,39
1,35
47,28
65,0
29,53
7,60
54,7
23,36
19,13
33,32
53,8
57,1
27,25
49,21
56,27
60,5
26,47
29,22
43,30
31,51
23,41
36,31
9,68
37,15
49,29
27,11
5,53
15,19
66,9
8,31
59,19
50,5
55,21
61,24
31,15
41,11
59,25
16,35
1,52
20,17
3,46
13,31
27,16
0,55
57,17
51,11
49,12
15,23
39,49
59,49
53,7
61,45
13,36
69,13
63,10
70,25
16,41
68,41
1,47
7,39
19,27
1,46
7,43
15,54
45,24
65,39
57,15
27,37
31,9
39,41
55,51
15,69
60,3
12,33
46,1
3,65
39,25
37,43
30,21
11,59
33,21
19,15
41,7
46,11
52,11
33,37
22,21
62,19
41,15
19,29
24,21
69,45
55,6
65,27
59,53
41,29
47,2
15,35
49,22
9,45
39,57
49,19
65,35
12,29
15,47
11,33
35,37
65,13
4,59
9,46
44,9
15,55
9,31
64,17
43,15
3,29
65,16
23,46
13,41
27,38
29,21
43,35
37,25
65,17
67,15
10,23
61,5
13,35
37,33
55,5
6,33
66,23
63,21
26,31
37,41
67,35
15,44
58,43
40,27
11,56
31,12
17,45
45,40
15,45
35,14
22,11
59,21
1,42
51,3
19,56
66,15
36,23
35,40
55,16
55,32
41,30
59,23
43,22
5,51
31,21
53,40
55,19
27,55
59,3
57,24
7,58
48,19
31,7
3,64
47,33
34,43
37,29
66,3
27,15
39,16
47,17
21,14
17,55
58,11
20,53
61,26
38,33
69,9
23,48
45,7
43,5
65,7
25,9
34,7
46,37
50,17
41,48
25,21
47,11
51,61
15,29
15,34
58,15
56,37
33,15
34,37
41,28
49,17
66,5
31,17
36,39
67,31
45,27
13,69
28,45
31,19
62,57
1,36
21,35
33,9
31,11
33,53
25,33
47,3
69,8
1,28
37,45
27,32
41,31
9,49
21,53
11,63
55,1
65,1
60,7
35,21
31,45
67,19
57,13
5,39
55,44
29,27
25,40
27,31
5,63
11,41
33,10
45,62
29,36
57,25
15,62
30,27
16,25
64,41
59,28
41,41
31,53
61,1
13,60
63,31
42,23
13,59
64,31
28,29
31,49
3,55
26,29
43,28
9,57
31,33
49,8
28,43
6,43
51,19
55,35
58,47
43,23
40,49
41,19
35,33
14,67
57,31
65,21
52,25
23,16
18,55
33,16
9,69
65,33
49,33
31,31
57,43
42,7
27,34
8,49
65,24
9,23
61,15
25,29
50,27
9,41
61,28
21,30
65,45
58,5
24,47
67,7
1,57
33,49
36,21
1,43
27,27
14,65
58,29
37,12
34,9
19,33
57,9
62,1
59,22
23,47
7,29
64,5
59,43
44,3
65,12
52,21
35,16
1,56
19,11
5,49
32,23
26,15
1,49
16,49
55,31
61,12
36,11
51,55
25,23
36,19
17,41
21,11
40,21
36,17
45,18
42,33
41,36
69,11
31,39
31,37
49,2
33,34
4,53
5,41
63,35
19,42
49,25
45,29
21,25
5,59
1,51
64,23
45,34
61,31
64,21
26,37
1,67
59,35
62,15
35,19
47,5
2,35
41,9
34,45
15,46
51,10
61,41
35,24
17,35
57,26
59,27
66,59
28,13
35,7
66,39
62,37
61,50
33,41
65,37
22,35
49,5
25,31
43,9
47,26
47,25
39,1
68,17
33,59
53,11
43,21
55,7
61,23
67,41
17,48
23,39
45,5
29,35
39,30
25,25
41,35
55,39
15,68
5,68
36,41
24,19
11,40
12,23
37,36
67,6
21,69
8,63
29,17
45,39
52,19
29,43
46,23
3,49
47,31
47,1
18,25
19,41
10,59
7,33
51,60
19,17
56,5
37,31
25,45
18,69
61,7
2,69
55,23
57,32
3,34
51,1
17,11
11,55
68,31
5,61
32,29
13,57
58,1
7,59
17,47
19,26
42,17
3,51
65,15
19,57
49,11
69,44
2,53
5,57
8,51
57,29
1,66
68,11
46,35
27,13
51,24
35,47
40,31
43,32
47,6
40,13
69,25
12,55
63,3
65,29
7,69
37,28
19,36
5,67
51,22
0,63
10,43
49,9
7,34
7,64
33,50
10,25
21,48
37,38
1,68
34,31
35,45
43,27
59,29
8,41
24,45
29,28
24,33
9,34
11,43
7,49
64,61
49,47
35,49
30,41
60,41
53,21
66,35
27,24
33,45
25,44
22,69
13,42
59,20
63,36
21,37
54,23
49,7
7,47
7,70
15,61
23,21
30,29
23,38
21,19
3,59
25,41
34,33
45,26
57,3
7,35
21,34
37,26
47,18
51,23
15,24
69,3
68,21
5,69
11,57
47,4
29,11
15,49
61,17
41,18
53,1
5,43
15,38
23,35
67,1
47,24
23,33
13,27
60,51
9,56
51,51
15,58
59,41
42,5
57,20
56,23
55,22
45,28
53,5
55,15
27,54
61,19
47,38
58,39
57,42
19,45
69,17
9,63
64,3
65,5
18,33
11,49
55,29
23,67
1,55
10,53
45,3
5,65
15,57
59,13
70,1
21,21
31,29
25,69
4,61
67,21
13,64
43,24
69,37
55,36
57,12
7,66
34,11
8,53
62,17
33,47
66,31
49,27
22,15
29,38
67,17
70,13
23,45
23,31
9,25
25,26
11,37
6,57
69,5
55,9
49,3
64,13
53,2
59,7
47,16
31,24
31,57
57,33
45,14
11,65
7,51
67,65
31,41
41,38
39,17
10,39
29,19
58,7
47,34
1,53
49,15
28,41
57,44
41,27
37,49
53,4
69,14
41,13
50,9
54,3
13,25
31,27
9,55
56,15
70,5
19,68
53,3
37,37
35,29
37,22
7,61
54,17
37,30
32,13
9,37
53,23
8,47
69,33
15,43
55,33
27,35
17,69
23,19
59,5
30,55
25,10
34,41
67,14
1,69
58,17
50,3
67,23
25,8
11,58
41,5
69,32
29,31
63,62
57,7
35,31
21,27
18,29
65,32
39,47
12,39
67,28
56,1
45,37
19,10
43,26
61,35
63,60
9,65
67,25
55,3
55,11
39,11
25,39
21,41
63,40
49,55
47,29
1,27
67,11
67,29
7,41
55,49
35,35
12,67
19,55
45,25
29,41
27,19
21,45
45,10
9,33
67,18
33,11
67,27
64,9
51,5
33,39
23,37
45,31
10,51
51,28
63,34
32,41
53,9
25,13
31,44
27,22
52,15
22,43
51,27
59,1
45,21
23,32
38,17
1,40
43,36
30,39
59,34
1,48
3,40
51,7
39,33
38,41
2,33
29,30
62,11
35,36
6,47
41,21
41,34
50,13
29,25
16,37
53,17
38,45
15,25
69,31
63,27
67,39
10,49
25,27
16,45
41,22
23,24
35,39
23,12
13,65
20,29
29,33
59,15
26,11
17,25
19,37
53,42
41,25
55,13
41,16
45,17
57,34
11,61
20,9
27,41
66,43
25,47
39,31
21,13
3,63
57,14
19,39
32,39
64,43
68,3
41,17
48,9
29,29
63,5
29,12
37,48
23,68
33,35
33,17
4,57
7,63
15,40
17,23
19,14
9,61
8,67
25,70
49,31
61,21
17,49
35,13
33,67
39,35
29,14
7,68
9,35
32,51
9,67
61,39
28,25
3,43
38,27
21,29
35,27
19,32
7,42
58,37
64,57
4,43
39,37
67,9
65,31
1,59
11,35
23,69
31,5
55,40
45,32
42,41
69,36
67,34
17,32
63,23
48,11
33,38
65,8
63,19
23,28
31,36
43,20
39,27
46,21
62,31
47,27
33,48
45,23
37,17
57,35
2,59
47,57
58,31
48,29
26,21
13,70
47,19
23,13
34,5
11,68
29,47
61,32
9,59
55,42
7,37
46,13
63,63
13,26
12,35
27,53
38,23
57,8
35,15
55,25
0,33
6,37
59,11
54,19
10,37
55,43
57,30
9,43
14,59
32,17
53,14
33,26
3,57
27,40
1,41
31,25
32,37
40,53
45,61
5,64
55,10
65,3
47,23
32,43
13,67
3,38
31,32
20,69
29,10
37,44
3,45
36,35
63,14
41,14
11,45
9,27
33,43
19,23
63,28
1,58
7,17
11,46
30,9
5,66
9,53
1,61
33,25
50,19
69,22
5,54
62,3
37,13
63,25
63,26
14,29
47,49
17,29
19,31
1,30
61,37
29,15
16,69
12,63
1,65
8,45
40,7
7,65
24,27
23,29
35,28
35,18
56,3
60,37
45,8
7,44
44,17
53,25
39,42
43,31
44,39
67,5
69,27
11,66
13,23
11,67
42,3
39,39
51,15
37,23
66,19
5,47
21,42
69,41
57,19
32,15
30,17
68,23
46,7
37,8
51,17
4,67
57,41
43,10
59,31
37,27
63,37
10,31
44,5
14,31
48,21
29,39
4,45
45,13
55,30
67,12
9,54
52,7
24,31
25,17
59,37
13,61
23,23
1,63
61,22
43,13
47,59
59,9
33,23
40,33
47,7
23,27
47,35
51,9
65,20
38,19
39,36
19,40
45,16
4,47
7,55
6,39
34,65
0,36
70,31
5,48
60,39
1,22
68,35
32,49
66,37
52,55
61,56
28,18
68,43
66,38
49,68
46,70
17,26
48,68
62,24
58,26
62,5
46,25
62,34
28,4
38,37
0,56
14,45
12,32
6,60
43,12
42,31
2,64
32,46
6,67
43,8
32,63
16,53
36,9
48,32
67,42
11,12
26,64
28,70
66,62
12,20
12,30
36,36
9,26
9,20
40,69
6,58
58,6
50,32
32,61
64,69
56,36
22,38
41,6
17,50
68,51
8,28
26,40
12,25
42,32
15,48
40,11
38,43
10,69
38,35
50,58
38,12
48,66
32,66
27,68
5,0
38,11
57,28
66,4
28,52
14,38
22,33
55,8
25,64
18,48
56,0
38,52
30,48
60,52
70,29
56,60
26,58
40,32
39,28
60,25
21,32
47,30
43,6
24,17
20,18
0,40
69,24
30,37
67,32
8,30
23,50
37,64
63,38
42,4
42,45
4,48
40,28
12,62
10,58
22,47
18,49
27,6
14,69
0,31
17,36
38,68
6,25
24,0
64,64
14,35
66,42
60,49
24,59
13,34
42,44
42,67
39,52
14,66
68,52
0,20
24,41
70,30
14,58
46,39
55,4
25,20
70,17
16,32
48,70
0,18
58,59
22,0
67,36
16,29
22,17
66,22
40,10
3,60
28,67
56,10
63,20
28,50
6,62
65,64
38,31
43,64
42,46
42,16
14,54
21,20
12,44
5,62
70,37
25,0
38,28
42,56
5,30
28,58
64,36
56,40
66,46
31,46
12,57
22,32
66,32
46,41
60,18
20,48
26,66
30,36
60,58
49,62
62,70
52,63
2,57
17,52
65,56
62,29
35,42
70,40
34,54
26,52
14,26
56,67
46,30
49,70
30,22
18,42
56,58
10,66
64,28
61,60
59,58
29,62
63,68
28,6
48,56
37,66
0,59
68,13
2,37
68,26
64,46
38,29
18,56
18,24
52,66
42,62
50,0
8,38
44,57
32,50
16,21
70,12
56,9
13,44
10,11
20,62
61,6
15,50
50,56
24,61
65,60
69,70
30,28
56,44
39,46
31,40
26,0
66,40
29,60
58,62
46,34
56,24
56,65
56,38
31,28
2,22
37,56
21,60
21,16
10,46
0,37
61,0
4,22
16,56
6,42
60,42
47,12
66,20
19,46
28,37
36,59
54,37
52,64
38,49
64,40
9,64
23,70
24,70
8,42
22,62
7,32
11,22
14,30
40,30
18,41
54,38
40,0
11,28
45,44
62,68
58,28
59,6
30,0
54,41
44,44
56,26
69,38
61,52
30,64
10,47
40,58
38,70
42,6
6,70
42,15
56,45
46,43
46,12
66,68
19,22
62,35
20,67
64,44
39,8
1,60
70,34
24,36
0,52
36,6
10,68
4,28
38,10
47,32
5,70
68,20
2,60
19,70
37,6
32,56
59,62
20,27
35,8
8,22
0,70
40,68
58,46
54,68
53,22
22,52
38,55
25,4
62,44
20,11
60,45
68,64
9,50
14,40
42,27
4,3
20,14
5,44
37,10
42,54
35,48
56,31
70,22
0,43
61,30
58,38
32,52
34,48
42,55
22,10
2,27
28,69
5,46
22,55
24,28
34,46
47,36
53,44
36,56
6,41
14,63
56,63
62,60
36,40
8,59
28,66
28,2
48,57
56,29
18,32
20,43
20,36
38,40
18,65
20,0
4,2
6,36
36,61
24,52
45,36
16,63
59,0
21,0
20,50
44,58
42,30
60,46
44,16
4,29
9,70
6,69
57,60
12,47
55,60
14,22
40,70
8,39
62,42
12,46
61,48
59,26
31,58
53,24
8,58
4,24
38,38
19,60
20,12
48,12
0,58
12,28
67,50
5,42
40,46
43,4
32,2
62,6
11,54
29,44
66,24
36,53
61,4
24,2
24,32
58,64
35,44
4,65
62,48
56,48
38,18
66,57
24,64
24,16
34,0
2,50
2,25
22,48
44,64
23,34
27,14
30,67
28,64
3,6
19,38
63,46
14,20
22,66
20,42
8,32
3,0
5,58
28,23
8,52
36,66
26,55
58,22
25,68
10,24
27,0
67,30
48,67
20,51
25,32
28,5
26,56
10,67
60,67
4,32
20,56
56,47
6,54
34,32
46,32
69,0
18,26
3,70
52,32
8,26
64,0
53,54
63,66
46,5
3,36
24,69
48,33
39,48
0,24
4,6
45,66
40,47
60,29
58,32
64,65
56,39
46,26
16,70
64,68
20,13
24,39
65,70
3,44
10,36
59,32
18,64
28,51
4,42
60,6
5,60
54,28
54,21
30,66
0,68
36,45
58,19
36,68
16,42
12,12
64,29
5,50
35,58
0,39
28,48
4,55
31,60
27,66
8,62
68,36
36,0
24,6
42,47
41,70
24,14
66,44
50,59
9,44
38,63
60,60
63,4
21,56
6,27
25,28
58,4
66,25
4,64
4,20
32,38
24,58
18,28
63,58
44,62
35,66
16,20
13,40
54,63
6,64
24,43
10,32
45,12
61,18
50,62
34,62
32,62
4,30
39,0
16,43
30,4
62,46
24,50
36,32
0,66
66,66
35,54
14,24
50,60
10,35
8,24
28,54
12,69
28,26
24,23
27,50
38,69
65,34
33,22
56,4
29,64
4,12
23,66
40,24
68,24
39,14
37,42
21,68
68,38
62,52
40,55
56,8
42,21
25,46
40,60
62,66
22,6
54,61
49,18
34,17
22,49
60,4
38,15
40,29
11,34
70,39
32,68
66,36
62,13
10,55
56,34
37,52
53,20
64,20
12,38
64,27
17,56
16,28
14,28
27,10
63,18
70,15
39,26
14,41
30,44
46,49
29,0
68,68
20,31
54,4
37,24
58,67
5,26
0,10
25,66
2,8
10,54
6,53
38,32
34,52
63,16
1,44
32,57
64,48
12,56
15,70
61,44
32,32
51,4
50,70
69,4
28,40
41,44
60,12
52,9
59,52
70,55
34,27
22,50
65,44
34,4
62,69
15,0
22,13
24,25
32,0
19,52
28,39
3,66
64,7
14,21
52,22
7,52
40,9
10,60
50,35
44,10
50,26
58,45
6,18
21,10
13,22
38,42
19,30
18,23
48,44
40,35
46,38
59,40
42,19
34,20
36,37
55,0
42,22
28,62
49,64
11,62
10,64
10,63
36,48
21,8
44,11
34,30
44,34
27,56
6,48
14,12
0,2
22,56
10,44
56,21
12,31
42,25
52,27
26,18
28,27
55,52
10,57
18,18
66,55
20,64
2,20
12,6
44,12
47,8
52,52
40,50
30,23
38,26
57,48
59,64
46,54
52,45
40,44
16,52
14,70
50,65
35,38
12,65
14,56
30,19
21,24
16,5
64,34
6,45
51,66
69,10
47,62
40,54
37,40
4,50
4,0
32,1
38,1
29,26
60,69
54,16
46,4
9,52
61,10
24,37
58,24
69,26
43,58
6,44
2,17
8,12
34,21
10,33
10,28
32,40
68,32
6,59
8,34
62,23
8,56
6,8
29,56
37,4
22,58
10,26
26,60
46,8
2,48
10,34
27,28
39,18
50,24
8,29
39,62
44,46
40,37
28,16
12,4
41,0
44,54
70,62
54,65
16,14
10,41
32,10
50,8
60,26
47,22
66,18
34,8
7,10
38,34
3,42
52,58
56,53
30,26
22,40
68,57
28,21
54,8
32,36
6,22
45,46
29,42
14,18
46,65
5,34
39,60
70,21
0,7
68,44
8,4
36,58
54,43
58,41
38,62
34,34
26,38
8,48
58,52
30,32
52,38
12,9
62,4
10,56
12,58
44,26
21,18
2,36
35,0
26,6
60,36
45,20
64,12
49,52
56,50
48,64
67,22
30,10
69,6
18,68
18,0
39,50
27,58
50,1
52,42
31,50
0,6
13,66
64,30
24,57
40,56
10,70
58,48
69,2
60,19
9,22
2,41
32,16
65,46
8,68
16,30
14,0
65,10
16,50
59,44
44,40
2,68
50,4
61,36
50,16
20,60
19,48
70,16
4,16
70,23
20,46
42,8
31,38
24,56
50,68
16,68
11,8
13,10
52,8
31,26
8,46
14,32
51,38
22,22
14,52
4,1
55,18
0,41
32,31
8,10
1,16
10,0
67,70
42,66
54,20
40,64
51,70
46,22
2,11
58,51
32,42
0,34
38,25
52,40
33,42
8,36
31,14
52,62
30,53
8,14
16,24
56,41
22,46
20,16
8,6
24,8
25,34
40,26
56,12
8,2
22,68
16,23
17,10
18,58
66,17
46,3
21,64
32,55
68,29
10,16
10,40
8,8
38,36
26,41
58,27
32,18
30,1
52,0
65,58
30,68
65,40
14,62
4,60
16,47
36,2
44,66
29,16
42,64
44,15
12,26
58,23
60,59
28,60
16,9
7,30
13,28
66,28
4,14
58,9
26,44
1,62
0,42
41,24
41,2